[pTXPulse]

NUsedChannels = 8
MaxAbsRF = 150
PulseName = pTXComposite
Comment = testpulse
NominalFlipAngle = 90
Samples = 3
SampleTime = 500

[Gradient]

G[0]=   282.000000   -94.000000   0.000000
G[1]=   94.000000   94.000000   0.000000
G[2]=   -0.000000   -0.000000   0.000000

[pTXPulse_ch0]

RF[0]=   0.451   2.309
RF[1]=   0.732   1.848
RF[2]=   0.741   0.832

[pTXPulse_ch1]

RF[0]=   0.238   2.510
RF[1]=   0.385   3.680
RF[2]=   1.000   3.246

[pTXPulse_ch2]

RF[0]=   0.332   3.615
RF[1]=   0.369   3.782
RF[2]=   0.214   5.197

[pTXPulse_ch3]

RF[0]=   0.277   4.384
RF[1]=   0.570   4.943
RF[2]=   0.195   5.103

[pTXPulse_ch4]

RF[0]=   0.253   5.703
RF[1]=   0.350   0.148
RF[2]=   0.101   4.567

[pTXPulse_ch5]

RF[0]=   0.058   4.233
RF[1]=   0.167   5.066
RF[2]=   0.327   0.577

[pTXPulse_ch6]

RF[0]=   0.298   5.588
RF[1]=   0.494   0.850
RF[2]=   0.100   3.114

[pTXPulse_ch7]

RF[0]=   0.495   0.578
RF[1]=   0.192   0.298
RF[2]=   0.269   5.287

